01022500
01046500
01054200
01059000
01066000
01096550
01100000
01103500
01104615
01111230
01111500
01116500
01116617
01118500
01119375
01120800
01124000
01125100
01127000
01127500
01170100
01174565
01184000
01184490
01188000
01192050
01192704
01193500
01200600
01201487
01203000
01208049
01208500
01208990
01209710
01302500
01304500
01305000
01305500
01306000
01306499
01307000
01308000
01308500
01309000
01309500
01310500
01311000
01349150
01356190
01357500
01358000
01362198
01367625
01367700
01367800
01368000
01372500
01378560
01379000
01379200
01379500
01380500
01381200
01381500
01381800
01382000
01382500
01387500
01388000
01389000
01389500
01391200
01391500
01393450
01393950
01394500
01395000
01396280
01396500
01396535
01396588
01396660
01396800
01397000
01397400
01398000
01398102
01398260
01398500
01399120
01399200
01399500
01399700
01399780
01400000
01400120
01400500
01400540
01400650
01401000
01401400
01401600
01402540
01403385
01403900
01405302
01405340
01407705
01407760
01407997
01408000
01408500
01409416
01410784
01410820
01411110
01411500
01412800
01420500
01421000
01426500
01434000
01438500
01439500
01440000
01443440
01443500
01445500
01446400
01451800
01453000
01454700
01455200
01455500
01455801
01456200
01457000
01457400
01458570
01459500
01461300
01463500
01464000
01464500
01464515
01465500
01465850
01467069
01467120
01467140
01467329
01467359
01470500
01470779
01470800
01470825
01470960
01471000
01472000
01472157
01473000
01473170
01474000
01474500
01477120
01479820
01480640
01480700
01480950
01481000
01481500
01482500
01483700
01486500
01487000
01493500
01509150
01518700
01520000
01528000
01531000
01534000
01536000
01540500
01545600
01546500
01547400
01548075
01549700
01550000
01552000
01555400
01558000
01559000
01567000
01568750
01570000
01571760
01571780
01571820
01575990
01576500
01587500
01594440
01594526
01594710
01608500
01619500
01621050
01631000
01634000
01636500
01639000
01645000
01654000
01656100
01656960
01664000
01668000
01673000
01674500
02012500
02037000
02038850
02041650
02049500
02052000
02060500
02066000
02080500
02083500
02084160
02085000
02087500
02087580
02089500
02096846
02097464
02105769
02129000
02131000
02132000
02135300
02136000
02169570
02174250
02175000
02176500
02177000
02177450
02178400
02192000
02197300
02198920
02202500
02203000
02203559
02203800
02203965
02204070
02206500
02207300
02209750
02212600
02213700
02215260
02217740
02218000
02220900
02223000
02225000
02225470
02226160
02226475
02231000
02240000
02264100
02266500
02294650
02301000
02301500
02303000
02303330
02310000
02311500
02312200
02312500
02313000
02316000
02317500
02317718
02318500
02318725
02318960
02327205
02327500
02331000
02331600
02332017
02333970
02335870
02336300
02336502
02337000
02337170
02337445
02337500
02338500
02338523
02338660
02343801
02344380
02344400
02347500
02349500
02350080
02352500
02352790
02353000
02353500
02356000
02357000
02361000
02363000
02371500
02374500
02380500
02381090
02384748
02384750
02387000
02387050
02387500
02392360
02392780
02393000
02394000
02394980
02397000
02397500
02397845
02398000
02399200
02412000
02418500
02419000
02422500
02423400
02424000
02427700
02429500
02444490
02450000
02450250
02453000
02455000
02460500
02462000
02462600
02463900
02464000
02464035
02464146
02465000
02468500
02469762
02471001
02481510
02489500
03013000
03015000
03015500
03020500
03024000
03029400
03029500
03032500
03036500
03039925
03070415
03070420
03070430
03070435
03070455
03072000
03078000
03082500
03085000
03086000
03104500
03106000
03106500
03107500
03108000
03109500
03131500
03146500
03204000
03207800
03207962
03216600
03231000
03231500
03234000
03234500
03237280
03245500
03261500
03266000
03267900
03270000
03272100
03276500
03276700
03277200
03277500
03280000
03283100
03290500
03298500
03301630
03303280
03336645
03338097
03339000
03339147
03354000
03357330
03374100
03378500
03382185
03384450
03460000
03466208
03473000
03490500
03495500
03518500
03527000
03528000
03566800
03567340
03575100
03576148
03586500
04014500
04024000
04024430
04027000
04040000
04059000
04059500
04063700
04066500
04067500
04072050
04072150
04077400
04085000
04085427
04087000
04087204
04101500
04106000
04122030
04132052
04137500
04142000
04159010
04161820
04175600
04176500
04186500
04196500
04196800
04198000
04199500
04200500
04208000
04213500
04214500
04231000
04249000
04250750
04260500
04263000
04268000
04269000
04269500
04296000
05051522
05051600
05053000
05054000
05054500
05056200
05057200
05059700
05060500
05062500
05064900
05066500
05079000
05082500
05082625
05083000
05083500
05084000
05085000
05099400
05101000
05112000
05116500
05120500
05123400
05123510
05131500
05280000
05286000
05288500
05320270
05333500
05340500
05345000
05369500
05376000
05382000
05412500
05420680
05427948
05437500
05451210
05463050
05464020
05464450
05465500
05469000
05481650
05500000
05514500
05520500
05525500
05526000
05527500
05530590
05531500
05532500
05536995
05537980
05540500
05541710
05542000
05550500
05551540
05552500
05556500
05557000
05568800
05570000
05570370
05570380
05572000
05573650
05573800
05574500
05575500
05580500
05584500
05585000
05586690
05587000
05587900
05591200
05592500
05592600
05592900
05593505
05593520
05594000
05594100
05594450
05594800
05595200
05595540
05595730
05597040
05597500
05598050
05598245
05599200
05599500
06018500
06088300
06088500
06089000
06090800
06101500
06109500
06126470
06130500
06154410
06177500
06177825
06191500
06207500
06214500
06218500
06228000
06228350
06231000
06233900
06235500
06236100
06253000
06259000
06270000
06279795
06282000
06284500
06284800
06285100
06285400
06287000
06294000
06294700
06294940
06294995
06295000
06295113
06295250
06296003
06298000
06299980
06305500
06306100
06306200
06306250
06307500
06307600
06307616
06307740
06307830
06307990
06308400
06308500
06309500
06313000
06313400
06313500
06313590
06316400
06317020
06324500
06324970
06325500
06326300
06326600
06329200
06329500
06331000
06332515
06332770
06335500
06336600
06339100
06339500
06339560
06340000
06340500
06342260
06342450
06343000
06344600
06345500
06348000
06349000
06349930
06350000
06352000
06353000
06354000
06355000
06355310
06357800
06360500
06365900
06386500
06394000
06402600
06409000
06411500
06421500
06425720
06426500
06428500
06436180
06436198
06436800
06437000
06449300
06452000
06461500
06462000
06462500
06463500
06465500
06467600
06468170
06468250
06469400
06470000
06470500
06470800
06471000
06476000
06478500
06485500
06620000
06623800
06625000
06630000
06634600
06635000
06639000
06642000
06646000
06646600
06646800
06652800
06670500
06710000
06713500
06714000
06720500
06731000
06736000
06736700
06739210
06741480
06741510
06741520
06751490
06752000
06752258
06752260
06752270
06752280
06753990
06754000
06758500
06768000
06772200
06786000
06787500
06790500
06792000
06800000
06800500
06803080
06810000
06817700
06821190
06845000
06846500
06847900
06848000
06848500
06853000
06856000
06856600
06862700
06863500
06864500
06865500
06866500
06869500
06870200
06871000
06873000
06874000
06875900
06876900
06877600
06884400
06887500
06888000
06888705
06889000
06889200
06889580
06889610
06889700
06891000
06891100
06891500
06892350
06897950
06899580
06899950
06900100
06900900
06902000
06905500
06905725
06906200
06906300
06907300
06910410
06911000
06913500
06917500
06918600
06921070
06921582
06923700
06930450
06934500
06935890
06936475
07005000
07010022
07014500
07018100
07019185
07026000
07036100
07037300
07040100
07047942
07048600
07048800
07049000
07049691
07052152
07052250
07052345
07052500
07053250
07053900
07055646
07056000
07056515
07060500
07060710
07061600
07064000
07064440
07066510
07068000
07071500
07072000
07074500
07076000
07077000
07083000
07099200
07099970
07103700
07103747
07103780
07104000
07104905
07105530
07106300
07106500
07109500
07119700
07120500
07130500
07137500
07139500
07141300
07141900
07142620
07143330
07144200
07144550
07145130
07145200
07146500
07147070
07148450
07148600
07149000
07150500
07151000
07152000
07152500
07157950
07157960
07158000
07159100
07159639
07159643
07159730
07159735
07159750
07161000
07164500
07166000
07171400
07179500
07180500
07185000
07186000
07186400
07186480
07186600
07187600
07188000
07188820
07188910
07189000
07189540
07189542
07191000
07191160
07191179
07191220
07191222
07191500
07193500
07195430
07195500
07195865
07196000
07196500
07197000
07197360
07198000
07199600
07203000
07206000
07207000
07211500
07215500
07221500
07227000
07227100
07227500
07228000
07228500
07231000
07231500
07232500
07233500
07234000
07237500
07238000
07239450
07241000
07241520
07242000
07242350
07243500
07247650
07249400
07264000
07289000
07292500
07297910
07299540
07300000
07301110
07301200
07301410
07303400
07304500
07305000
07307800
07308200
07308500
07311000
07311200
07311600
07311630
07311700
07311783
07311790
07311800
07311900
07312100
07312500
07312700
07315200
07325800
07325850
07325860
07326500
07328100
07331000
07335000
07335700
07337000
07340300
07342470
07342480
07342500
07343500
07344400
07344500
07346045
07346070
07348000
07348700
07373000
07375050
07375500
07385700
07386980
08013500
08014500
08017410
08019000
08019500
08020000
08022000
08025360
08032000
08033000
08041500
08041700
08048000
08048543
08048970
08049700
08049900
08051500
08052700
08053000
08057200
08057410
08062000
08062500
08062700
08063500
08064100
08064500
08064700
08065200
08065350
08065800
08066170
08066300
08066500
08067500
08067650
08067900
08068000
08070000
08073500
08073600
08074000
08074500
08075000
08075500
08075650
08076000
08076500
08076700
08078000
08079575
08080500
08082500
08083240
08083245
08084000
08084100
08084800
08085500
08086150
08086212
08088000
08088600
08090800
08091000
08092000
08093250
08093260
08093500
08099100
08103900
08104500
08105300
08105700
08106500
08110000
08110325
08110500
08111700
08117500
08119500
08120700
08121000
08123720
08123800
08123850
08126380
08127000
08136500
08136700
08138000
08147000
08153500
08154700
08155200
08155240
08155300
08156800
08158050
08158600
08158700
08158810
08158840
08158920
08159000
08161000
08162000
08162600
08164000
08164450
08164503
08164600
08164800
08167500
08171000
08172000
08173000
08174600
08175000
08176500
08177700
08178000
08178565
08178700
08178800
08180640
08180750
08181400
08181480
08181500
08181800
08183500
08186000
08188500
08189500
08189800
08190000
08195000
08196000
08200000
08206600
08206700
08210000
08211000
08211520
08266820
08276500
08279000
08290000
08313000
08319000
08324000
08329000
08331000
08332010
08354900
08364000
08377900
08379500
08383000
08383500
08386000
08396500
08401500
08405200
08412500
08446500
08447000
08477110
08481500
09011000
09012500
09013500
09016500
09034500
09041090
09041500
09058000
09058030
09060550
09060770
09063000
09066510
09067000
09067005
09069000
09081000
09085000
09085100
09093000
09093700
09105000
09106200
09112200
09136100
09146200
09147500
09149500
09163500
09169500
09171100
09180000
09180500
09188500
09192600
09205000
09209400
09211200
09215550
09216050
09216810
09224700
09229500
09239500
09243700
09243800
09243900
09244410
09246200
09246400
09249750
09251000
09256000
09260050
09261000
09302000
09303000
09304200
09304600
09306007
09306022
09306042
09306058
09306061
09306175
09306200
09306222
09306235
09306242
09306255
09306290
09306395
09306500
09306900
09307200
09307300
09314250
09314280
09314500
09315000
09328000
09328100
09328500
09330410
09332100
09332700
09352900
09355500
09363500
09364500
09367950
09368000
09371000
09371010
09371492
09371500
09371520
09372000
09379500
09383400
09384000
09403000
09415000
09419700
09419800
09429300
09429600
09430600
09444000
09448500
09470000
09471000
09474000
09498380
09498400
09498500
09499000
09502000
09504000
09504440
09505800
09506000
09507980
09508300
09508500
09510000
09512800
09520500
10020100
10027000
10038000
10039500
10136500
10168000
10172640
10224000
10237000
10244950
10249300
10254670
10254730
10254970
10261100
10265150
10311400
10312000
10312150
10321000
10343500
10346000
10351700
10356500
10396000
11042000
11074000
11108500
11136100
11152300
11154700
11159000
11169000
11187000
11218500
11261100
11262900
11264500
11272500
11274538
11290000
11325500
11335000
11342000
11348500
11365000
11368000
11376000
11382000
11383800
11447360
11451000
11458000
11461000
11462000
11465200
11466800
11467000
11472150
11475560
11476500
11478500
11481000
11517500
11519500
11525500
11530000
11532500
12013500
12032500
12035000
12039300
12045500
12056500
12089500
12091500
12101500
12112600
12113000
12119000
12121600
12126500
12128000
12194000
12200500
12201500
12210700
12301300
12302055
12323800
12324200
12331500
12334550
12334650
12340500
12353000
12363000
12413000
12413470
12416000
12419000
12419500
12447390
12449950
12464770
12471400
12472600
12479500
12508990
12510500
13010065
13013650
13018300
13055000
13068500
13069500
13075000
13077000
13092747
13152500
13154500
13169500
13213000
13251000
13266000
13331500
13349200
13351000
14018500
14048000
14103000
14113000
14123500
14200400
14201300
14205400
14206950
14207500
14243000
14301000
14307620
14321000
14372300
